world: e0ed2182-e665-4eed-8aa6-bb20c7f6bf76
world-name: spawn
x: 32.5
y: 99.0
z: -85.5
yaw: -90.0018310546875
pitch: 1.350082516670227
name: Arena
lastowner: 4ed22cb6-e12d-4a0d-9a64-d65335862bf5
