world: 79b2a850-0eb6-4536-a2a2-d78e09518f0c
world-name: spawn
x: 24.995008542133736
y: 99.0
z: -96.98842906827613
yaw: 180
pitch: 0
name: Leaderboards
lastowner: 4ed22cb6-e12d-4a0d-9a64-d65335862bf5
