world: 79b2a850-0eb6-4536-a2a2-d78e09518f0c
world-name: spawn
x: 36.61930082383503
y: 101.0
z: -85.49923229967983
yaw: -90
pitch: 0
name: PVP
lastowner: 4ed22cb6-e12d-4a0d-9a64-d65335862bf5
